Final Parameters:
a = 1.015109
b = -1.116106

Training History:
Iteration	NLL	ECE
1	0.444286	0.113553
2	0.444118	0.113626
3	0.443292	0.112832
4	0.442370	0.111989
5	0.441466	0.111678
6	0.440578	0.111689
7	0.439703	0.110644
8	0.438842	0.110780
9	0.437994	0.110079
10	0.437159	0.108916
11	0.436335	0.106673
12	0.435524	0.105276
13	0.434725	0.105346
14	0.433937	0.104961
15	0.433161	0.103597
16	0.432396	0.103148
17	0.431643	0.102097
18	0.430900	0.102003
19	0.430169	0.100961
20	0.429448	0.100436
21	0.428737	0.099681
22	0.428037	0.099518
23	0.427347	0.099244
24	0.426668	0.098114
25	0.425998	0.097243
26	0.425338	0.096809
27	0.424687	0.096187
28	0.424046	0.095158
29	0.423415	0.093539
30	0.422793	0.092682
31	0.422179	0.092038
32	0.421575	0.092436
33	0.420980	0.092021
34	0.420393	0.090956
35	0.419815	0.090075
36	0.419246	0.089096
37	0.418684	0.087976
38	0.418131	0.087954
39	0.417587	0.087564
40	0.417050	0.087600
41	0.416521	0.086307
42	0.416000	0.085608
43	0.415486	0.085242
44	0.414980	0.084537
45	0.414482	0.084201
46	0.413991	0.083826
47	0.413507	0.083906
48	0.413030	0.082695
49	0.412560	0.082407
50	0.412098	0.082769
51	0.411642	0.081488
52	0.411192	0.080732
53	0.410750	0.080741
54	0.410314	0.080588
55	0.409885	0.080331
56	0.409462	0.079068
57	0.409045	0.078216
58	0.408634	0.077252
59	0.408230	0.076993
60	0.407832	0.076902
61	0.407439	0.076548
62	0.407053	0.075748
63	0.406672	0.075504
64	0.406297	0.076107
65	0.405927	0.075053
66	0.405563	0.074315
67	0.405205	0.073608
68	0.404852	0.072905
69	0.404504	0.073310
70	0.404162	0.073217
71	0.403825	0.072828
72	0.403492	0.071071
73	0.403165	0.069773
74	0.402843	0.069466
75	0.402526	0.069754
76	0.402213	0.070033
77	0.401905	0.069809
78	0.401602	0.069200
79	0.401304	0.068383
80	0.401009	0.067593
81	0.400720	0.066671
82	0.400434	0.066964
83	0.400152	0.066123
84	0.399875	0.065862
85	0.399601	0.066081
86	0.399331	0.067066
87	0.399064	0.066567
88	0.398802	0.066294
89	0.398544	0.066302
90	0.398290	0.065125
91	0.398041	0.064734
92	0.397795	0.064927
93	0.397554	0.064595
94	0.397317	0.064773
95	0.397084	0.064826
96	0.396854	0.064225
97	0.396629	0.063421
98	0.396407	0.063043
99	0.396188	0.061930
100	0.395973	0.061891
101	0.395762	0.061659
102	0.395553	0.060360
103	0.395348	0.060352
104	0.395144	0.060303
105	0.394927	0.060397
106	0.394711	0.060806
107	0.394511	0.060413
108	0.394317	0.060611
109	0.394129	0.059916
110	0.393945	0.059250
111	0.393765	0.058738
112	0.393588	0.058845
113	0.393414	0.058915
114	0.393243	0.058674
115	0.393074	0.057811
116	0.392909	0.057574
117	0.392746	0.057607
118	0.392586	0.056698
119	0.392428	0.056313
120	0.392273	0.055845
121	0.392121	0.055597
122	0.391970	0.055279
123	0.391823	0.054464
124	0.391677	0.054777
125	0.391535	0.054723
126	0.391394	0.054888
127	0.391256	0.054427
128	0.391120	0.054776
129	0.390986	0.054501
130	0.390854	0.054088
131	0.390725	0.054091
132	0.390597	0.054628
133	0.390472	0.055234
134	0.390349	0.055215
135	0.390227	0.054785
136	0.390108	0.054368
137	0.389991	0.054014
138	0.389876	0.053459
139	0.389762	0.052899
140	0.389651	0.052479
141	0.389541	0.052168
142	0.389433	0.052227
143	0.389327	0.051775
144	0.389223	0.051063
145	0.389120	0.051351
146	0.389020	0.051450
147	0.388920	0.050956
148	0.388823	0.050216
149	0.388727	0.050314
150	0.388633	0.050591
151	0.388540	0.049846
152	0.388449	0.049240
153	0.388359	0.048842
154	0.388271	0.048873
155	0.388185	0.049169
156	0.388100	0.049522
157	0.388016	0.049488
158	0.387934	0.049200
159	0.387853	0.049217
160	0.387773	0.049734
161	0.387695	0.049868
162	0.387618	0.049326
163	0.387543	0.049501
164	0.387469	0.048754
165	0.387396	0.048016
166	0.387324	0.048693
167	0.387254	0.048177
168	0.387184	0.047801
169	0.387116	0.047679
170	0.387049	0.047769
171	0.386984	0.047949
172	0.386919	0.047056
173	0.386856	0.047237
174	0.386793	0.046568
175	0.386732	0.046844
176	0.386672	0.046897
177	0.386612	0.046749
178	0.386554	0.046372
179	0.386497	0.045940
180	0.386441	0.046145
181	0.386386	0.046122
182	0.386331	0.046086
183	0.386278	0.046086
184	0.386226	0.045405
185	0.386174	0.045460
186	0.386124	0.045892
187	0.386074	0.045301
188	0.386025	0.044975
189	0.385977	0.045729
190	0.385930	0.046421
191	0.385884	0.046989
192	0.385838	0.046778
193	0.385794	0.046846
194	0.385750	0.046039
195	0.385707	0.045874
196	0.385664	0.045857
197	0.385623	0.045786
198	0.385582	0.045543
199	0.385542	0.045360
200	0.385502	0.045392
201	0.385463	0.045233
202	0.385425	0.044779
203	0.385388	0.044707
204	0.385351	0.044311
205	0.385315	0.043760
206	0.385280	0.043612
207	0.385242	0.043845
208	0.385196	0.044240
209	0.385160	0.044524
210	0.385128	0.044569
211	0.385095	0.044887
212	0.385064	0.045105
213	0.385033	0.044426
214	0.385003	0.044302
215	0.384973	0.043643
216	0.384944	0.043366
217	0.384915	0.043342
218	0.384887	0.042912
219	0.384859	0.042886
220	0.384832	0.042545
221	0.384805	0.042503
222	0.384779	0.042944
223	0.384753	0.042950
224	0.384728	0.042497
225	0.384703	0.042219
226	0.384678	0.042601
227	0.384654	0.042214
228	0.384631	0.042129
229	0.384608	0.041622
230	0.384585	0.041640
231	0.384563	0.041661
232	0.384541	0.041718
233	0.384520	0.042036
234	0.384499	0.041785
235	0.384478	0.041545
236	0.384458	0.041669
237	0.384438	0.042174
238	0.384418	0.042071
239	0.384399	0.042408
240	0.384380	0.041921
241	0.384362	0.042345
242	0.384344	0.042173
243	0.384326	0.042728
244	0.384308	0.042432
245	0.384291	0.042108
246	0.384274	0.041715
247	0.384258	0.041536
248	0.384242	0.041049
249	0.384226	0.041173
250	0.384210	0.041061
251	0.384195	0.041152
252	0.384180	0.041353
253	0.384165	0.040845
254	0.384150	0.040545
255	0.384136	0.040611
256	0.384122	0.040970
257	0.384108	0.040825
258	0.384095	0.041047
259	0.384082	0.040844
260	0.384069	0.040886
261	0.384056	0.040985
262	0.384044	0.040871
263	0.384031	0.040797
264	0.384019	0.040766
265	0.384007	0.040685
266	0.383996	0.040936
267	0.383985	0.041069
268	0.383973	0.040933
269	0.383962	0.040835
270	0.383952	0.040864
271	0.383941	0.041099
272	0.383931	0.040814
273	0.383921	0.040614
274	0.383911	0.040466
275	0.383901	0.040637
276	0.383891	0.040199
277	0.383882	0.039801
278	0.383873	0.039654
279	0.383864	0.039797
280	0.383855	0.039749
281	0.383846	0.040056
282	0.383837	0.039693
283	0.383829	0.040294
284	0.383821	0.040550
285	0.383813	0.040603
286	0.383805	0.040837
287	0.383797	0.040814
288	0.383789	0.041171
289	0.383782	0.041283
290	0.383775	0.041088
291	0.383767	0.040788
292	0.383760	0.040704
293	0.383753	0.040566
294	0.383747	0.040790
295	0.383740	0.040749
296	0.383733	0.040915
297	0.383727	0.040529
298	0.383721	0.040290
299	0.383714	0.040219
300	0.383708	0.040108
301	0.383702	0.039811
302	0.383697	0.039992
303	0.383691	0.039551
304	0.383685	0.039535
305	0.383680	0.039272
306	0.383674	0.039067
307	0.383669	0.038727
308	0.383664	0.039032
309	0.383659	0.039599
310	0.383654	0.039317
311	0.383649	0.039613
312	0.383644	0.039598
313	0.383638	0.039740
314	0.383633	0.039763
315	0.383628	0.039182
316	0.383624	0.039376
317	0.383619	0.039529
318	0.383615	0.039620
319	0.383611	0.039327
320	0.383607	0.039625
321	0.383603	0.039805
322	0.383599	0.039815
323	0.383595	0.039859
324	0.383591	0.039865
325	0.383587	0.040192
326	0.383584	0.040475
327	0.383580	0.040353
328	0.383577	0.040335
329	0.383573	0.040666
330	0.383570	0.040709
331	0.383566	0.040396
332	0.383563	0.040612
333	0.383560	0.040274
334	0.383557	0.040463
335	0.383554	0.040429
336	0.383551	0.040247
337	0.383548	0.040218
338	0.383545	0.040165
339	0.383542	0.040548
340	0.383540	0.040454
341	0.383537	0.040421
342	0.383534	0.040634
343	0.383531	0.040597
344	0.383529	0.040215
345	0.383526	0.040498
346	0.383524	0.040396
347	0.383522	0.040149
348	0.383519	0.040315
349	0.383517	0.040489
350	0.383515	0.040368
351	0.383512	0.040257
352	0.383510	0.040117
353	0.383508	0.040093
354	0.383506	0.039706
355	0.383504	0.039576
356	0.383502	0.039683
357	0.383500	0.039649
358	0.383498	0.039563
359	0.383496	0.039418
360	0.383494	0.039475
361	0.383492	0.039597
362	0.383490	0.039768
363	0.383489	0.039398
364	0.383487	0.039489
365	0.383485	0.039255
366	0.383484	0.039212
367	0.383482	0.039199
368	0.383480	0.039099
369	0.383479	0.038819
370	0.383477	0.038905
371	0.383476	0.039055
372	0.383474	0.038908
373	0.383473	0.038961
374	0.383471	0.039151
375	0.383470	0.039060
376	0.383469	0.039133
377	0.383467	0.039338
378	0.383466	0.039796
379	0.383465	0.039819
380	0.383463	0.039722
381	0.383462	0.039859
382	0.383461	0.039851
383	0.383460	0.039748
384	0.383458	0.039874
385	0.383457	0.039782
386	0.383456	0.039798
387	0.383455	0.039760
388	0.383454	0.039715
389	0.383453	0.039511
390	0.383452	0.039213
391	0.383451	0.039230
392	0.383450	0.039093
393	0.383449	0.039321
394	0.383448	0.039328
395	0.383447	0.039449
396	0.383446	0.039213
397	0.383445	0.039131
398	0.383444	0.039153
399	0.383443	0.039058
400	0.383443	0.038996
401	0.383442	0.038948
402	0.383441	0.038767
403	0.383440	0.038858
404	0.383439	0.039050
405	0.383439	0.038917
406	0.383438	0.038972
407	0.383437	0.039007
408	0.383436	0.038833
409	0.383436	0.038630
410	0.383435	0.038766
411	0.383434	0.038763
412	0.383434	0.038706
413	0.383433	0.038553
414	0.383432	0.038612
415	0.383432	0.038586
416	0.383431	0.038639
417	0.383430	0.038402
418	0.383430	0.038310
419	0.383429	0.038114
420	0.383428	0.038030
421	0.383428	0.038263
422	0.383427	0.038078
423	0.383427	0.037539
424	0.383426	0.037470
425	0.383426	0.037534
426	0.383425	0.037613
427	0.383425	0.037543
428	0.383424	0.037550
429	0.383424	0.037524
430	0.383423	0.037624
431	0.383423	0.038007
432	0.383422	0.038086
433	0.383422	0.038076
434	0.383421	0.037814
435	0.383421	0.037672
436	0.383421	0.037584
437	0.383420	0.037443
438	0.383420	0.037427
439	0.383419	0.037384
440	0.383419	0.037554
441	0.383419	0.037387
442	0.383418	0.037377
443	0.383418	0.037424
444	0.383418	0.037478
445	0.383417	0.037669
446	0.383417	0.037628
447	0.383417	0.037491
448	0.383416	0.037493
449	0.383416	0.037453
450	0.383416	0.037753
451	0.383415	0.037465
452	0.383415	0.037562
453	0.383415	0.037635
454	0.383414	0.037857
455	0.383414	0.037947
456	0.383414	0.037978
457	0.383414	0.038135
458	0.383413	0.038187
459	0.383413	0.038076
460	0.383413	0.038135
461	0.383413	0.038294
462	0.383412	0.038341
463	0.383412	0.038121
464	0.383412	0.038271
465	0.383412	0.038267
466	0.383411	0.038176
467	0.383411	0.038255
468	0.383411	0.038309
469	0.383411	0.038517
470	0.383410	0.038481
471	0.383410	0.038429
472	0.383410	0.038477
473	0.383410	0.038645
474	0.383410	0.038653
475	0.383410	0.038437
476	0.383409	0.038429
477	0.383409	0.038372
478	0.383409	0.038546
479	0.383409	0.038621
480	0.383409	0.038685
481	0.383408	0.038723
482	0.383408	0.038694
483	0.383408	0.038720
484	0.383408	0.038796
485	0.383408	0.038758
486	0.383408	0.038731
487	0.383407	0.038613
488	0.383407	0.038721
489	0.383407	0.038897
490	0.383407	0.038726
491	0.383407	0.038804
492	0.383407	0.038862
493	0.383407	0.038884
494	0.383406	0.038857
495	0.383406	0.038728
496	0.383406	0.038738
497	0.383406	0.038773
498	0.383406	0.038854
499	0.383406	0.039012
500	0.383406	0.038963
501	0.383406	0.038863
502	0.383406	0.038770
503	0.383405	0.038907
504	0.383405	0.038915
505	0.383405	0.038797
506	0.383405	0.038752
507	0.383405	0.038662
508	0.383405	0.038848
509	0.383405	0.038857
510	0.383405	0.038925
511	0.383405	0.038983
512	0.383405	0.038915
513	0.383404	0.038865
514	0.383404	0.039012
515	0.383404	0.038934
516	0.383404	0.038927
517	0.383404	0.038961
518	0.383404	0.038790
519	0.383404	0.038773
520	0.383404	0.038768
521	0.383404	0.038722
522	0.383404	0.038644
523	0.383404	0.038664
524	0.383404	0.038587
525	0.383403	0.038341
526	0.383403	0.038275
527	0.383403	0.038282
528	0.383403	0.038330
529	0.383403	0.038285
530	0.383403	0.038245
531	0.383403	0.038325
532	0.383403	0.038255
533	0.383403	0.038178
534	0.383403	0.038172
535	0.383403	0.038224
536	0.383403	0.038257
537	0.383403	0.038298
538	0.383403	0.038207
539	0.383403	0.038206
540	0.383403	0.038197
541	0.383403	0.038189
542	0.383402	0.038186
543	0.383402	0.038263
544	0.383402	0.038262
545	0.383402	0.038245
546	0.383402	0.038328
547	0.383402	0.038188
548	0.383402	0.038047
