0.7344214008890988 1.0056081943172717 1.1938539549952478 0.8481012658227848 1.4261603375527425 1.9324894514767932 
0.773248771338166 1.042095532971348 1.232749422459424 0.9071729957805907 1.4852320675105486 1.9957805907172996 
0.7603903830319565 1.038491298332928 1.2281107365087163 0.8818565400843882 1.4725738396624473 1.9831223628691983 
0.7690293620554658 1.0389839627654098 1.2313994489934061 0.9029535864978903 1.4767932489451476 1.9915611814345993 
0.7559187682188175 1.011752621208791 1.2042974138508231 0.8945147679324894 1.4430379746835442 1.9578059071729959 
0.7845499012206264 1.0382118727485168 1.2229344399466529 0.9324894514767933 1.4725738396624473 1.970464135021097 
0.7719437184448557 1.0639350543121568 1.2310097338102222 0.890295358649789 1.510548523206751 1.9578059071729959 
0.7324117764768027 1.0205383838565103 1.1904897247642363 0.8523206751054853 1.4683544303797469 1.9240506329113924 
0.7646097923146571 1.0125276578672444 1.2150274191794865 0.8860759493670886 1.4135021097046414 1.9620253164556962 
0.7814874294454586 1.0402463221791711 1.23450401850454 0.9029535864978903 1.4514767932489452 1.9746835443037976 

