0.7772680201627583 1.0581258248745604 1.2516563757722972 0.8987341772151899 1.4978902953586497 2.0168776371308015 
0.7555184473026009 1.042475038784813 1.2076588151289225 0.869198312236287 1.4852320675105486 1.9282700421940928 
0.7990175930229156 1.071729083143691 1.2549486664299787 0.9282700421940928 1.510548523206751 2.0042194092827006 
0.7494895740657127 1.0231407529303427 1.1943364649218449 0.8818565400843882 1.4683544303797469 1.9282700421940928 
0.7657146847498592 1.0327442457160647 1.2152366835747201 0.890295358649789 1.4641350210970465 1.9535864978902953 
0.7499419400542596 1.033264130202519 1.2246451651182277 0.8776371308016878 1.4852320675105486 2.0 
0.7524039304551027 1.0290423258842045 1.2266939092753777 0.869198312236287 1.459915611814346 1.9915611814345993 
0.7626001679023608 1.0286900401247119 1.2141884458070633 0.890295358649789 1.459915611814346 1.9578059071729959 
0.7836972143158629 1.0353116580231363 1.2178040958817915 0.9113924050632911 1.4514767932489452 1.9409282700421941 
0.75416134933696 1.0184340208923346 1.209685749394007 0.8818565400843882 1.4472573839662448 1.9620253164556962 
