0.7697339335744513 1.0177139759477718 1.2073334141235603 0.8818565400843882 1.4135021097046414 1.9240506329113924 
0.7681246300783718 1.0121777671433658 1.2032195758735493 0.9113924050632911 1.4345991561181435 1.9451476793248945 
0.7570236606540197 1.0179544348498155 1.2133758889015078 0.8987341772151899 1.4556962025316456 1.978902953586498 
0.7370835517480502 1.0101497226639324 1.2198251773498914 0.8523206751054853 1.4388185654008439 2.0042194092827006 
0.7605905434900649 1.0399236515092647 1.2143839441525353 0.8945147679324894 1.489451476793249 1.9578059071729959 
0.727992206735994 0.9971314723435498 1.1926335397526953 0.8354430379746836 1.4135021097046414 1.9409282700421941 
0.7614952754671588 1.0203163450216042 1.2209738962364736 0.8860759493670886 1.4388185654008439 1.978902953586498 
0.7535088228903049 1.0291453527548189 1.2176497262608668 0.8734177215189873 1.4556962025316456 1.9620253164556962 
0.7661670507384061 1.0140849162909935 1.2009569994711575 0.8860759493670886 1.4135021097046414 1.9156118143459915 
0.7630525338909078 1.033946823344707 1.2131746805515937 0.8860759493670886 1.4641350210970465 1.9451476793248945 
