0.7159865053345479 1.004175289534989 1.1657065659852222 0.8312236286919831 1.4514767932489452 1.8860759493670887 
0.77415350331526 1.0369636549987653 1.2252094156767415 0.8987341772151899 1.4641350210970465 1.970464135021097 
0.7652623187613122 1.01570674657109 1.2025788297512536 0.8945147679324894 1.4345991561181435 1.9367088607594938 
0.7949983441983235 1.0722839243969062 1.23845345899672 0.9367088607594937 1.5316455696202531 1.978902953586498 
0.742155647935514 1.0118799214918177 1.1879725044609724 0.8776371308016878 1.4556962025316456 1.9282700421940928 
0.7588331246082075 1.0125572729568308 1.1880033238558059 0.8818565400843882 1.4261603375527425 1.8987341772151898 
0.7239729579114018 0.9969769520065511 1.1955336802959757 0.8438818565400844 1.4261603375527425 1.9578059071729959 
0.7652623187613122 1.0361566082151112 1.2220429331395708 0.8945147679324894 1.4725738396624473 1.970464135021097 
0.7641574263261101 1.043845215140417 1.2130207175639272 0.890295358649789 1.489451476793249 1.9451476793248945 
0.7788252785865073 1.0252184474464923 1.2261346114894336 0.8987341772151899 1.4219409282700421 1.9620253164556962 
0.7159865053345479 1.004175289534989 1.1657065659852222 0.8312236286919831 1.4514767932489452 1.8860759493670887 
0.7652623187613122 1.0361566082151112 1.2220429331395708 0.8945147679324894 1.4725738396624473 1.970464135021097 
0.7239729579114018 0.9969769520065511 1.1955336802959757 0.8438818565400844 1.4261603375527425 1.9578059071729959 
0.7949983441983235 1.0722839243969062 1.23845345899672 0.9367088607594937 1.5316455696202531 1.978902953586498 
0.7588331246082075 1.0125572729568308 1.1880033238558059 0.8818565400843882 1.4261603375527425 1.8987341772151898 
0.7652623187613122 1.01570674657109 1.2025788297512536 0.8945147679324894 1.4345991561181435 1.9367088607594938 
0.7788252785865073 1.0252184474464923 1.2261346114894336 0.8987341772151899 1.4219409282700421 1.9620253164556962 
0.742155647935514 1.0118799214918177 1.1879725044609724 0.8776371308016878 1.4556962025316456 1.9282700421940928 
0.7641574263261101 1.043845215140417 1.2130207175639272 0.890295358649789 1.489451476793249 1.9451476793248945 
0.77415350331526 1.0369636549987653 1.2252094156767415 0.8987341772151899 1.4641350210970465 1.970464135021097 
