0.7530564569017579 1.018206640380254 1.202670594750318 0.8776371308016878 1.4430379746835442 1.9409282700421941 
0.7417032819469671 1.0386233886871825 1.213083681330453 0.8818565400843882 1.518987341772152 1.9873417721518987 
0.7637050603375631 1.0708190094894228 1.2448913828905852 0.8945147679324894 1.5485232067510548 2.0168776371308015 
0.7739012977848213 1.0620279051645292 1.239106246389388 0.9156118143459916 1.5316455696202531 2.0084388185654007 
0.7732487713381662 1.0460224382796746 1.218203908526881 0.9071729957805907 1.4936708860759493 1.9578059071729959 
0.7568235001959114 1.036741616163859 1.2089230864110656 0.8860759493670886 1.481012658227848 1.9451476793248945 
0.7366311857595031 1.0305018991145138 1.2126064177310611 0.8565400843881856 1.4852320675105486 1.9746835443037976 
0.7561709737492561 1.0108348108417342 1.2047532809815786 0.8776371308016878 1.4261603375527425 1.9451476793248945 
0.7366311857595031 0.9869512599278147 1.1922470692922649 0.8565400843881856 1.3881856540084387 1.9409282700421941 
0.7439651118897018 1.034263600731493 1.2173538776037447 0.8607594936708861 1.4852320675105486 1.978902953586498 
