0.734621561347207 1.0043458349035108 1.2042762406907477 0.8607594936708861 1.4388185654008439 1.9746835443037976 
0.7621478019138139 1.0264204734691884 1.1811639757878132 0.8945147679324894 1.459915611814346 1.8776371308016877 
0.7694817280440127 1.0300578214447011 1.2109179689774723 0.8987341772151899 1.4514767932489452 1.9367088607594938 
0.7424078534659527 1.0057408362774725 1.2150770647779063 0.8607594936708861 1.4219409282700421 1.9831223628691983 
0.725982582323698 0.980584242595443 1.1744540196787039 0.8396624472573839 1.3839662447257384 1.9071729957805907 
0.7239729579114018 1.0109295493936141 1.2008076003974744 0.8438818565400844 1.459915611814346 1.970464135021097 
0.7317592500301475 0.9939843937649049 1.1809857833591049 0.8438818565400844 1.409282700421941 1.9113924050632911 
0.7428602194544996 1.0279996102697355 1.1991953222612377 0.8565400843881856 1.4683544303797469 1.9282700421940928 
0.7732487713381662 1.042450213766455 1.2215487645593062 0.9071729957805907 1.489451476793249 1.970464135021097 
0.7710389864677617 1.0298600560222073 1.2004092359435297 0.8987341772151899 1.4514767932489452 1.9113924050632911 
