
0.7281923671941023 1.013978942778819 1.1886491551935783 0.8481012658227848 1.4641350210970465 1.9367088607594938 
0.7215109675105589 1.0024309490430945 1.1718650642946764 0.8523206751054853 1.4556962025316456 1.9113924050632911 
0.7668195771850612 1.016909324199732 1.2006461331421638 0.8945147679324894 1.4303797468354431 1.9240506329113924 
0.7050856963683042 0.9977242170050861 1.1859699776830621 0.8312236286919831 1.4556962025316456 1.9620253164556962 
0.7694817280440127 1.0465369810889549 1.2127065156887684 0.8987341772151899 1.4978902953586497 1.9451476793248945 
0.7474799496534166 1.0250580338263733 1.1997769392977156 0.8860759493670886 1.481012658227848 1.9493670886075949 
0.7530564569017579 1.0251829390737854 1.213040780509654 0.8776371308016878 1.459915611814346 1.9662447257383966 
0.7448177987944653 0.9933206722958006 1.1758131101544556 0.8818565400843882 1.409282700421941 1.8987341772151898 
0.7439651118897018 1.02851949475619 1.2038362392411286 0.8607594936708861 1.4725738396624473 1.9451476793248945 
0.7919358724231556 1.0546216704651945 1.2578972702616524 0.9071729957805907 1.4641350210970465 2.0126582278481013 
