
0.7661670507384061 1.0217083997540057 1.2055745151104733 0.8860759493670886 1.4345991561181435 1.9282700421940928 
0.7799301710217096 1.0233983001379559 1.2160237061374406 0.9029535864978903 1.4261603375527425 1.9451476793248945 
0.7435127459011549 1.0328715459990911 1.2072025322283257 0.8649789029535865 1.4852320675105486 1.9535864978902953 
0.7530564569017579 1.018561321175361 1.1954297426287315 0.8776371308016878 1.4472573839662448 1.919831223628692 
0.7730486108800579 1.0200889645095237 1.2039550798659908 0.8945147679324894 1.4219409282700421 1.9156118143459915 
0.7566233397378032 1.0166766020104772 1.2077990240981138 0.8734177215189873 1.4303797468354431 1.9451476793248945 
0.7881167840566716 1.0536216483302747 1.2214234732559728 0.9282700421940928 1.4978902953586497 1.9493670886075949 
0.7339690349005519 0.9976566985071786 1.1868076040834064 0.8523206751054853 1.4177215189873418 1.9240506329113924 
0.8158952301537173 1.0544967652177824 1.243130445137866 0.9451476793248945 1.4556962025316456 1.9620253164556962 
0.7588331246082075 1.0161294974700505 1.1933371451089456 0.8818565400843882 1.4303797468354431 1.9071729957805907 
