0.735073927335754 1.0057378896359124 1.215671957149943 0.8565400843881856 1.4388185654008439 2.0042194092827006 
0.7694817280440127 1.0165842584942115 1.1919010029791506 0.8987341772151899 1.4303797468354431 1.9029535864978904 
0.7699340940325595 1.0327442457160647 1.2117134900948798 0.8945147679324894 1.459915611814346 1.9409282700421941 
0.7699340940325595 1.0227807304580614 1.2055317811447885 0.8945147679324894 1.4388185654008439 1.9282700421940928 
0.7663672111965144 1.0451153112669664 1.2160524104303965 0.8987341772151899 1.4936708860759493 1.9535864978902953 
0.7499419400542596 1.0067154817880881 1.215663791046414 0.8776371308016878 1.4303797468354431 1.9915611814345993 
0.755066081314054 1.013364319740485 1.1799217735824066 0.8734177215189873 1.4303797468354431 1.8776371308016877 
0.7757107617390091 1.0480675710646774 1.2328388313193965 0.8987341772151899 1.4767932489451476 1.970464135021097 
0.7446176383363571 0.9895482873244726 1.1914989026797018 0.869198312236287 1.3924050632911393 1.9324894514767932 
0.7668195771850614 1.0326169454330383 1.21811535111539 0.8945147679324894 1.4641350210970465 1.9620253164556962 
