
0.7814874294454586 1.027650271151803 1.2480246126913181 0.9029535864978903 1.4303797468354431 2.021097046413502 
0.7883689895871103 1.0656545697856932 1.2610760238373857 0.9113924050632911 1.5063291139240507 2.029535864978903 
0.7743536637733682 1.0501145472793485 1.215039710795386 0.9113924050632911 1.5021097046413503 1.9451476793248945 
0.8081089380349716 1.0557964764339183 1.2380303014645018 0.9451476793248945 1.4767932489451476 1.9662447257383966 
0.7694817280440127 1.0431329069086428 1.2311200547585468 0.8987341772151899 1.4852320675105486 1.9915611814345993 
0.7690293620554658 1.0511193594854966 1.2184039587550506 0.9029535864978903 1.5063291139240507 1.9578059071729959 
0.7701342544906679 1.032651902199799 1.2018274046233095 0.9071729957805907 1.4725738396624473 1.9282700421940928 
0.810771088893923 1.0804953624502265 1.2556828005211293 0.9493670886075949 1.5274261603375527 2.0 
0.7819397954340056 1.0674338670443486 1.2412963206740224 0.8987341772151899 1.5147679324894514 1.978902953586498 
0.7481845211724023 1.0193713146005752 1.221273236899221 0.8649789029535865 1.4430379746835442 1.9873417721518987 
