0.77415350331526 1.0680863934910036 1.2420294604781303 0.8987341772151899 1.5316455696202531 2.0 
0.7714913524563086 1.0406306180638645 1.230508669067725 0.8945147679324894 1.4725738396624473 1.9831223628691983 
0.7579283926311136 1.0216782330584735 1.2257296713391472 0.890295358649789 1.459915611814346 2.0084388185654007 
0.7403982290536566 1.0266454589456548 1.2116266389718628 0.8649789029535865 1.4725738396624473 1.970464135021097 
0.7610429094786119 1.0377434817284468 1.20168288698878 0.890295358649789 1.4852320675105486 1.9240506329113924 
0.8167479170584808 1.0695945534839826 1.2534606688404502 0.9662447257383966 1.510548523206751 2.0042194092827006 
0.7646097923146571 1.032454688383251 1.21194115841821 0.8860759493670886 1.4556962025316456 1.9367088607594938 
0.7446176383363571 1.0015593304030932 1.1901930103231768 0.869198312236287 1.4135021097046414 1.919831223628692 
0.7437129063592632 1.0083402587097445 1.192206374066212 0.8776371308016878 1.4472573839662448 1.9409282700421941 
0.7912313009041699 1.0521620750999656 1.2281253516550843 0.9282700421940928 1.4852320675105486 1.9578059071729959 
