0.7505944665009148 1.0227209486729425 1.2112253221789904 0.8860759493670886 1.4683544303797469 1.9746835443037976 
0.7521517249246641 1.0116821560693234 1.1773831580695766 0.8860759493670886 1.4472573839662448 1.890295358649789 
0.7821399558921139 1.0464126274474883 1.2328161780280917 0.9113924050632911 1.4767932489451476 1.9746835443037976 
0.7559708132911479 1.018656611333187 1.2075489040813425 0.8649789029535865 1.4219409282700421 1.9282700421940928 
0.7859069991862674 1.0620225634873548 1.2337355011350006 0.919831223628692 1.5147679324894514 1.9746835443037976 
0.7879166235985634 1.0440429805629108 1.2201355635320656 0.9156118143459916 1.4641350210970465 1.9367088607594938 
0.7144292469107989 0.9944095396994796 1.177887735813839 0.8312236286919831 1.4303797468354431 1.9240506329113924 
0.7781207070675218 1.0330148713136407 1.2113862766788592 0.919831223628692 1.4641350210970465 1.9409282700421941 
0.7470275836648697 1.0281778923510458 1.1976120076026282 0.890295358649789 1.489451476793249 1.9451476793248945 
0.7965556026220725 1.0610586013310879 1.2310099422388137 0.9367088607594937 1.4978902953586497 1.9535864978902953 
