0.7060424734177284 0.9391924064808642 1.1046347956530458 0.7932489451476793 1.2911392405063291 1.7341772151898733 
0.6975516097799972 0.9199226924827413 1.0924920819720558 0.8143459915611815 1.2953586497890295 1.759493670886076 
0.697351449321889 0.9462711804390642 1.093887682440556 0.8016877637130801 1.3375527426160339 1.7341772151898733 
0.7111145696051923 0.9579867729017505 1.1163827751142514 0.8185654008438819 1.3544303797468353 1.780590717299578 
0.737988283725144 0.9403701590911484 1.076689935225487 0.8438818565400844 1.2784810126582278 1.6455696202531647 
0.7592854905967544 0.9958394978402022 1.1489507098329428 0.8776371308016878 1.3881856540084387 1.8016877637130801 
0.727992206735994 0.9484839119510288 1.0944681236266363 0.8354430379746836 1.3080168776371308 1.7004219409282701 
0.7348737668776458 0.9448169488859294 1.1107278706576713 0.8438818565400844 1.2953586497890295 1.7426160337552743 
0.7470796287372001 0.9676335107729679 1.1157672384306034 0.8607594936708861 1.3375527426160339 1.7341772151898733 
0.6846932214737876 0.905707757816837 1.0718772924166509 0.7890295358649789 1.2573839662447257 1.7046413502109705 
