0.5602700373358046 0.7651675368066243 0.8891084060811674 0.6642036124794746 1.1026272577996716 1.4351395730706076 
0.5628549974563186 0.7627452758639576 0.8868606375599569 0.6711822660098522 1.098111658456486 1.431855500821018 
0.5552559070079839 0.7583975387580703 0.8797849225909551 0.6600985221674877 1.0952380952380953 1.4211822660098523 
0.546527721660224 0.7524048881419353 0.8816177459639353 0.6510673234811166 1.090311986863711 1.4380131362889983 
0.5570934607788025 0.7594243846973556 0.8863856843695844 0.6613300492610837 1.0935960591133005 1.4347290640394088 
0.5696922713142235 0.7650263940342785 0.8911480770142789 0.6724137931034483 1.0894909688013137 1.4281609195402298 
0.5524068810271604 0.755138003746048 0.8770395482037618 0.6555829228243021 1.0899014778325122 1.4170771756978653 
0.5574159478565648 0.7572329510126633 0.8846910936272345 0.6625615763546798 1.090311986863711 1.4330870279146142 
0.5692961725237593 0.766473324876051 0.8891767451145074 0.6761083743842364 1.0985221674876848 1.4281609195402298 
0.5564188858872944 0.7575993954010479 0.8797634944070182 0.6633825944170771 1.0948275862068966 1.4232348111658457 
