0.5614380797135315 0.7646632969460225 0.8872409141461925 0.6646141215106732 1.0977011494252873 1.4273399014778325 
0.5593804710591217 0.7633594803251765 0.8860959040964611 0.6654351395730707 1.1013957307060755 1.4314449917898193 
0.5622540342775125 0.7644469297092998 0.8888343207108712 0.6683087027914614 1.0989326765188834 1.4330870279146142 
0.5667010854064124 0.7681135191202008 0.8882052897765137 0.6748768472906403 1.104679802955665 1.4273399014778325 
0.5625815848536911 0.7565927575604895 0.8845572178747187 0.6666666666666666 1.0808702791461413 1.4244663382594418 
0.560636535390285 0.7639023089671741 0.8837771089118873 0.6650246305418719 1.0989326765188834 1.4207717569786535 
0.5589259510512048 0.7632646027731956 0.8860639280636233 0.6654351395730707 1.1026272577996716 1.4326765188834154 
0.5545914591133085 0.7624418462767661 0.884890554892137 0.6564039408866995 1.1001642036124795 1.4289819376026272 
0.5663100501143647 0.7660071724518179 0.8919778917858749 0.6756978653530378 1.1030377668308702 1.4417077175697866 
0.5531593508752722 0.7588718191857824 0.8798409474458097 0.6584564860426929 1.098111658456486 1.4232348111658457 
