0.5338163519337993 0.7354685472848784 0.8667458905313649 0.6424466338259441 1.0730706075533663 1.4261083743842364 
0.5312508655524362 0.7402534553352427 0.8659191418308996 0.6366995073891626 1.0833333333333333 1.4211822660098523 
0.5335429393311717 0.7440107686221582 0.8721088748998447 0.6379310344827587 1.0874384236453203 1.4314449917898193 
0.5409659858726336 0.7431770289725413 0.8690015220393125 0.6506568144499179 1.082512315270936 1.4207717569786535 
0.5362209849035386 0.744784607756162 0.8706720023420761 0.6412151067323482 1.0870279146141215 1.4252873563218391 
0.5381169598918101 0.74507305374133 0.8731286817288727 0.6461412151067324 1.089080459770115 1.4334975369458127 
0.5320473463772663 0.7399952056830914 0.8671278922302632 0.6391625615763546 1.083743842364532 1.4252873563218391 
0.536783000604043 0.7453181655576815 0.8714099505513668 0.6416256157635468 1.0874384236453203 1.4265188834154352 
0.5342564617009817 0.7449295455075675 0.8722288815510245 0.6383415435139573 1.0882594417077176 1.430623973727422 
0.5317493965370714 0.7408942758148012 0.871979808957345 0.6362889983579638 1.0829228243021347 1.4351395730706076 
