0.5649760908265976 0.7699710624397849 0.8876130956315819 0.6711822660098522 1.1104269293924467 1.4273399014778325 
0.551512251252061 0.7500105654030604 0.8826511607239196 0.659688013136289 1.0829228243021347 1.4388341543513958 
0.5619120734605993 0.7672588500924665 0.8906100769192091 0.6658456486042693 1.1038587848932677 1.4351395730706076 
0.5599374232612097 0.7667899957456552 0.8844949304565952 0.6687192118226601 1.1104269293924467 1.4273399014778325 
0.5499827743182701 0.7585972637461558 0.8824374905900698 0.6555829228243021 1.1009852216748768 1.4334975369458127 
0.5447536526052746 0.7528213927297451 0.8746474553644873 0.6506568144499179 1.095648604269294 1.422824302134647 
0.5643996648853588 0.7654542443577601 0.8882661499520165 0.6666666666666666 1.0972906403940887 1.4273399014778325 
0.5561988310037032 0.7552620421262382 0.8789356194738667 0.6654351395730707 1.090311986863711 1.4220032840722496 
0.5530222544467012 0.7590719565368698 0.8776008220896964 0.6625615763546798 1.1038587848932677 1.4224137931034482 
0.5504372943261872 0.7497281686405991 0.8784441835202565 0.6555829228243021 1.0804597701149425 1.4265188834154352 
