0.5423201991540662 0.7404201027192803 0.8652870189807076 0.6436781609195402 1.0669129720853858 1.40311986863711 
0.5481892315241698 0.7410033842590635 0.8659756803297775 0.6539408866995073 1.0660919540229885 1.401888341543514 
0.553291383805427 0.7474405849989911 0.8752415013634484 0.6572249589490968 1.0730706075533663 1.4166666666666667 
0.5475002463919271 0.7462607308564949 0.8738195159016953 0.6518883415435139 1.0755336617405582 1.4183087027914614 
0.5529198222525301 0.7417832726157738 0.8728436451506605 0.6592775041050903 1.064039408866995 1.416256157635468 
0.5294234387784503 0.7297992896833776 0.8520137099046623 0.6297208538587848 1.0587027914614122 1.3871100164203614 
0.5570689235412352 0.7509032996314189 0.8774086028193041 0.6629720853858785 1.0767651888341543 1.4170771756978653 
0.5207587381465597 0.7173467966364888 0.8490502383810037 0.6215106732348111 1.04064039408867 1.3949096880131362 
0.5427696556635668 0.7406806641667526 0.868498898213696 0.646551724137931 1.0685550082101807 1.4117405582922824 
0.5389921159277584 0.7396991513896373 0.8692469400363523 0.6408045977011494 1.0710180623973728 1.4191297208538587 
