0.534207387225847 0.7342805114728076 0.8673802088245235 0.6416256157635468 1.069376026272578 1.4269293924466337 
0.5373839637828492 0.7412249445621382 0.8694441164994529 0.6444991789819376 1.0788177339901477 1.4232348111658457 
0.5315928263693493 0.7406928882945234 0.8672485126977232 0.6391625615763546 1.0866174055829227 1.4269293924466337 
0.5394119717012752 0.7445776907083703 0.8724415085919708 0.6481937602627258 1.0874384236453203 1.4310344827586208 
0.5347304554480495 0.7445256053942687 0.8699617408744972 0.6395730706075534 1.0878489326765188 1.4248768472906403 
0.5305373431826262 0.7390380010145734 0.8629741329104587 0.6362889983579638 1.0816912972085386 1.4146141215106733 
0.5291348356805736 0.739905391629527 0.8684799176205565 0.6338259441707718 1.0845648604269293 1.4298029556650247 
0.5316173636069166 0.7394798492157878 0.8706990283217889 0.6375205254515599 1.0821018062397372 1.4347290640394088 
0.5339094373856522 0.7413044981653555 0.8696950569776133 0.638752052545156 1.082512315270936 1.4273399014778325 
0.5391580328377986 0.7472542308612538 0.8740315633547112 0.6449096880131363 1.0899014778325122 1.430623973727422 
