0.5216331139279934 0.7317085818559016 0.8573585825012167 0.6288998357963875 1.0788177339901477 1.4158456486042692 
0.5266082967775123 0.7329813459873763 0.8661722110124058 0.6305418719211823 1.070607553366174 1.4289819376026272 
0.5336648452644936 0.7399664074373665 0.8644214373367386 0.6424466338259441 1.0853858784893267 1.4191297208538587 
0.5352433966734192 0.7380417454211404 0.8682294977309706 0.6432676518883416 1.0763546798029557 1.4256978653530377 
0.5252057892754597 0.7384109415126207 0.8638895552829926 0.6280788177339901 1.083743842364532 1.4203612479474548 
0.5212276683952112 0.7332461108913317 0.8632860051017316 0.625615763546798 1.0779967159277504 1.4281609195402298 
0.5213301005893822 0.727772164042629 0.8554944930376013 0.6288998357963875 1.0697865353037768 1.4125615763546797 
0.5390700108843621 0.7419942896734356 0.8694619070453224 0.6457307060755336 1.0796387520525452 1.4215927750410509 
0.5292863423498791 0.73531363576377 0.8633457349758 0.6338259441707718 1.0755336617405582 1.4187192118226601 
0.5238032817734071 0.7321676993331376 0.8587783823303097 0.625615763546798 1.0714285714285714 1.4113300492610839 
