0.5629430194097551 0.758266831898946 0.8822658653139746 0.6703612479474549 1.0886699507389161 1.4215927750410509 
0.5461806973448945 0.747788075343418 0.8762887513436202 0.6514778325123153 1.0829228243021347 1.4269293924466337 
0.546268719298331 0.7517474751942573 0.874851833323085 0.6506568144499179 1.0899014778325122 1.4207717569786535 
0.5224642589872236 0.7189281756503498 0.8449287929707214 0.6239737274220033 1.0443349753694582 1.3825944170771758 
0.5330249346073856 0.7380992306948199 0.8644929429803923 0.6371100164203612 1.075944170771757 1.4150246305418719 
0.518383705912804 0.7160506917705417 0.8447588637250282 0.6182266009852216 1.0410509031198687 1.3866995073891626 
0.550158818225143 0.7597547628784697 0.8774314314352395 0.6539408866995073 1.1022167487684729 1.4183087027914614 
0.5277128544393701 0.7209375162054625 0.8486724255042635 0.6301313628899836 1.043103448275862 1.3858784893267653 
0.5455306596909537 0.7374160119902183 0.8679370632926189 0.6518883415435139 1.062807881773399 1.4137931034482758 
0.5575869282650213 0.7568553939031555 0.8809503323701551 0.6637931034482759 1.089080459770115 1.4224137931034482 
